                engine   n  calib  varEst meanVar    rejT    rejF  cover
1        known_restart 600 0.9333 0.01583 0.01477 0.05500 0.05333 0.9450
2    known_exact_spike 600 0.9719 0.01580 0.01536 0.04833 0.04167 0.9583
3      est_run_restart 600 0.8527 0.01657 0.01413 0.07333 0.07333 0.9217
4  est_run_exact_spike 600 0.8802 0.01669 0.01469 0.06833 0.07000 0.9367
5 est_pool_exact_spike 600 0.9661 0.01592 0.01538 0.05667 0.05500 0.9483
6   kr_run_exact_spike 600 0.9075 0.01669 0.01515 0.05833 0.05667 0.9433
7  kr_pool_exact_spike 600 0.9465 0.01592 0.01507 0.05500 0.05167 0.9500
     rmse     df
1 0.00000 224.00
2 0.00000 216.00
3 0.10811 224.00
4 0.10897 216.00
5 0.07408 216.00
6 0.10897  37.31
7 0.07408  36.79
