       -10.4899        18.5177       -3.65369
       -8.51924        16.7311        -2.8581
        -7.3274        18.9177        -2.1024
       -5.41276        16.5311       -3.92708
       -3.93769        14.8349       -3.20896
       -3.13619        16.9311       -2.19672
        -9.6582         17.743       -3.48477
       -7.46164        16.1781       -2.85171
       -6.53698        17.8016       -2.60515
       -5.07837        15.8692       -3.54066
       -3.67971        15.4409       -3.05181
       -3.65596         17.843       -3.53536
